16845013
19033274
20478823
15972284
12368254
15461798
16081474
14764555
15513995
16115313
19237447
16902965
19131956
16091147
12734009
19933825
16280084
17237043
17346342
17007070
18208606
19923227
12431279
19717575
19491312
17478515
15980570
21421553
15513987
18487275
19239707
18354039
20147307
22110029
17135208
17135208
17346342
15575967
19033274
17135208
15215401
15550480
14962934
15550167
20436461
19465387
15724283
20576703
12724301
17062145
19192299
17118145
15297299
17181854
12691998
15980585
15702958
18460544
15998470
15980438
16168088
19261933
12540299
21543451
17545183
18245124
19678926
12664686
15215428
12620386
17584796
15215428
15215428
18511468
18467421
19956802
14500825
16959266
19744993
20585573
12519986
19839595
14988116
18480123
16597342
21293737
15980543
16939790
15186494
19465376
16845012
15980575
20435677



